R: 0.998678 < 0.998938 < 0.999175
Rsqrt: 0.997358 < 0.997877 < 0.998352
mue: 0.167890 < 0.188624 < 0.208808
