R: 0.998643 < 0.999174 < 0.999612
Rsqrt: 0.997288 < 0.998350 < 0.999223
mue: 0.089626 < 0.116853 < 0.145623
