R: 0.998879 < 0.999012 < 0.999138
Rsqrt: 0.997759 < 0.998025 < 0.998277
mue: 0.142322 < 0.151026 < 0.160101
