R: 0.998991 < 0.999118 < 0.999233
Rsqrt: 0.997984 < 0.998236 < 0.998467
mue: 0.136412 < 0.145401 < 0.154684
