R: 0.998728 < 0.998816 < 0.998896
Rsqrt: 0.997457 < 0.997633 < 0.997792
mue: 0.179586 < 0.188770 < 0.198097
