R: 0.999862 < 0.999895 < 0.999920
Rsqrt: 0.999724 < 0.999790 < 0.999841
mue: 0.044682 < 0.052367 < 0.060406
