R: 0.998886 < 0.999002 < 0.999111
Rsqrt: 0.997773 < 0.998005 < 0.998224
mue: 0.175863 < 0.185898 < 0.195390
