R: 0.998994 < 0.999121 < 0.999246
Rsqrt: 0.997989 < 0.998243 < 0.998493
mue: 0.136552 < 0.144906 < 0.153501
