R: 0.998874 < 0.999012 < 0.999145
Rsqrt: 0.997749 < 0.998025 < 0.998291
mue: 0.142278 < 0.151549 < 0.160415
