R: 0.999972 < 0.999985 < 0.999994
Rsqrt: 0.999945 < 0.999969 < 0.999987
mue: 0.013240 < 0.019015 < 0.025363
