R: 0.999973 < 0.999987 < 0.999995
Rsqrt: 0.999945 < 0.999974 < 0.999991
mue: 0.010632 < 0.016024 < 0.021819
