R: 0.999972 < 0.999986 < 0.999995
Rsqrt: 0.999943 < 0.999973 < 0.999990
mue: 0.010551 < 0.015784 < 0.022087
