R: 0.998404 < 0.998568 < 0.998725
Rsqrt: 0.996810 < 0.997139 < 0.997452
mue: 0.223833 < 0.233497 < 0.242907
