R: 0.975766 < 0.976374 < 0.976991
Rsqrt: 0.952119 < 0.953306 < 0.954512
mue: 0.615074 < 0.628247 < 0.641688
