R: 0.999864 < 0.999894 < 0.999917
Rsqrt: 0.999728 < 0.999788 < 0.999835
mue: 0.044070 < 0.052025 < 0.060093
