R: 0.998172 < 0.998497 < 0.998809
Rsqrt: 0.996348 < 0.996997 < 0.997620
mue: 0.214965 < 0.236162 < 0.256523
