R: 0.999855 < 0.999921 < 0.999966
Rsqrt: 0.999711 < 0.999842 < 0.999932
mue: 0.028950 < 0.041684 < 0.055476
