R: 0.998495 < 0.998759 < 0.999005
Rsqrt: 0.996993 < 0.997519 < 0.998010
mue: 0.173405 < 0.193274 < 0.214250
